0
20.012057841054546
20.012057841054546
20.09975124224178
20.09975124224178
20.23336811856433
20.23336811856433
20.35014387037477
20.35014387037477
40.02411568210909
40.11180908329632
40.11180908329632
40.24542595961887
40.24542595961887
40.362201711429314
40.362201711429314
40.11180908329632
40.11180908329632
40.24542595961887
40.24542595961887
40.362201711429314
40.362201711429314
40.19950248448356
40.33311936080611
40.33311936080611
40.449895112616545
40.449895112616545
40.33311936080611
40.33311936080611
40.449895112616545
40.449895112616545
40.46673623712866
40.583511988939094
40.583511988939094
40.583511988939094
40.583511988939094
40.70028774074954
60.12386692435087
60.12386692435087
60.25748380067342
60.25748380067342
60.37425955248386
60.37425955248386
60.2115603255381
60.34517720186065
60.34517720186065
60.46195295367109
60.46195295367109
60.34517720186065
60.34517720186065
60.46195295367109
60.46195295367109
60.4787940781832
60.595569829993636
60.595569829993636
60.595569829993636
60.595569829993636
60.71234558180409
60.2115603255381
60.34517720186065
60.34517720186065
60.46195295367109
60.46195295367109
60.34517720186065
60.34517720186065
60.46195295367109
60.46195295367109
60.4787940781832
60.595569829993636
60.595569829993636
60.595569829993636
60.595569829993636
60.71234558180409
60.43287060304789
60.43287060304789
60.549646354858325
60.549646354858325
60.56648747937044
60.683263231180874
60.683263231180874
60.683263231180874
60.683263231180874
60.80003898299131
60.56648747937044
60.683263231180874
60.683263231180874
60.683263231180874
60.683263231180874
60.80003898299131
60.81688010750342
60.81688010750342
60.93365585931386
60.93365585931386
80.22361816659264
80.35723504291519
80.35723504291519
80.47401079472564
80.47401079472564
80.35723504291519
80.35723504291519
80.47401079472564
80.47401079472564
80.49085191923774
80.60762767104819
80.60762767104819
80.60762767104819
80.60762767104819
80.72440342285863
80.44492844410243
80.44492844410243
80.56170419591287
80.56170419591287
80.57854532042498
80.69532107223542
80.69532107223542
80.69532107223542
80.69532107223542
80.81209682404585
80.57854532042498
80.69532107223542
80.69532107223542
80.69532107223542
80.69532107223542
80.81209682404585
80.82893794855796
80.82893794855796
80.9457137003684
80.9457137003684
80.44492844410243
80.44492844410243
80.56170419591287
80.56170419591287
80.57854532042498
80.69532107223542
80.69532107223542
80.69532107223542
80.69532107223542
80.81209682404585
80.57854532042498
80.69532107223542
80.69532107223542
80.69532107223542
80.69532107223542
80.81209682404585
80.82893794855796
80.82893794855796
80.9457137003684
80.9457137003684
80.66623872161222
80.78301447342265
80.78301447342265
80.78301447342265
80.78301447342265
80.89979022523309
80.9166313497452
80.9166313497452
81.03340710155564
81.03340710155564
80.9166313497452
80.9166313497452
81.03340710155564
81.03340710155564
81.16702397787819
100.45698628515697
100.45698628515697
100.57376203696742
100.57376203696742
100.59060316147952
100.70737891328997
100.70737891328997
100.70737891328997
100.70737891328997
100.82415466510041
100.59060316147952
100.70737891328997
100.70737891328997
100.70737891328997
100.70737891328997
100.82415466510041
100.84099578961252
100.84099578961252
100.95777154142296
100.95777154142296
100.67829656266676
100.7950723144772
100.7950723144772
100.7950723144772
100.7950723144772
100.91184806628763
100.92868919079974
100.92868919079974
101.04546494261018
101.04546494261018
100.92868919079974
100.92868919079974
101.04546494261018
101.04546494261018
101.17908181893273
100.67829656266676
100.7950723144772
100.7950723144772
100.7950723144772
100.7950723144772
100.91184806628763
100.92868919079974
100.92868919079974
101.04546494261018
101.04546494261018
100.92868919079974
100.92868919079974
101.04546494261018
101.04546494261018
101.17908181893273
101.01638259198698
101.01638259198698
101.13315834379742
101.13315834379742
101.26677522011997
101.26677522011997
120.6903544037213
120.80713015553175
120.80713015553175
120.80713015553175
120.80713015553175
120.92390590734217
120.9407470318543
120.9407470318543
121.05752278366472
121.05752278366472
120.9407470318543
120.9407470318543
121.05752278366472
121.05752278366472
121.19113965998727
121.02844043304152
121.02844043304152
121.14521618485196
121.14521618485196
121.27883306117451
121.27883306117451
121.02844043304152
121.02844043304152
121.14521618485196
121.14521618485196
121.27883306117451
121.27883306117451
121.36652646236175
141.04049827409608
141.04049827409608
141.1572740259065
141.1572740259065
141.29089090222905
141.29089090222905
141.3785843034163
141.3785843034163
161.39064214447083